1413966214 -54
1413966229 -56
1413966243 -56
1413966257 -55
1413966271 -58
1413966286 -58
1413966300 -58
1413966314 -59
1413966328 -61
1413966342 -61
1413966356 -62
1413966370 -64
1413966385 -63
1413966399 -65
1413966413 -66
1413966427 -68
1413966441 -69
1413966455 -69
1413966469 -70
1413966483 -71
1413966498 -72
1413966512 -73
1413966526 -75
1413966540 -76
1413966554 -78
1413966578 -56
1413966593 -56
1413966607 -55
1413966621 -56
1413966635 -57
1413966649 -57
1413966664 -59
1413966678 -59
1413966692 -60
1413966706 -61
1413966720 -62
1413966734 -63
1413966748 -64
1413966763 -65
1413966777 -66
1413966791 -67
1413966805 -69
1413966819 -69
1413966833 -70
1413966847 -71
1413966861 -71
1413966876 -72
1413966890 -73
1413966904 -75
1413966918 -78
1413966944 -55
1413966958 -55
1413966972 -55
1413966986 -55
1413967000 -57
1413967015 -57
1413967029 -58
1413967043 -59
1413967057 -60
1413967071 -60
1413967085 -61
1413967099 -64
1413967114 -63
1413967128 -65
1413967142 -66
1413967156 -69
1413967170 -67
1413967184 -69
1413967199 -70
1413967213 -71
1413967227 -71
1413967241 -73
1413967255 -74
1413967269 -75
1413967283 -77
1413967307 -55
1413967322 -55
1413967336 -56
1413967350 -55
1413967364 -56
1413967378 -57
1413967392 -59
1413967407 -59
1413967421 -60
1413967435 -61
1413967449 -62
1413967463 -63
1413967477 -65
1413967492 -65
1413967506 -65
1413967520 -67
1413967534 -68
1413967548 -69
1413967562 -70
1413967576 -71
1413967591 -72
1413967605 -73
1413967619 -74
1413967633 -76
1413967647 -79
1413967670 -55
1413967685 -56
1413967699 -56
1413967713 -56
1413967728 -57
1413967742 -58
1413967756 -59
1413967770 -60
1413967784 -60
1413967798 -61
1413967813 -61
1413967827 -63
1413967841 -66
1413967855 -65
1413967869 -66
1413967883 -67
1413967897 -69
1413967911 -69
1413967926 -69
1413967940 -71
1413967954 -71
1413967968 -70
1413967982 -74
1413967996 -75
1413968010 -78
