1414045754 -60
1414045768 -59
1414045782 -61
1414045796 -61
1414045810 -62
1414045825 -62
1414045839 -64
1414045853 -65
1414045867 -66
1414045881 -67
1414045895 -67
1414045909 -69
1414045924 -69
1414045938 -70
1414045952 -71
1414045966 -72
1414045980 -73
1414045994 -74
1414046008 -75
1414046023 -76
1414046037 -76
1414046051 -78
1414046065 -79
1414046079 -81
1414046093 -83
1414046118 -60
1414046133 -61
1414046147 -61
1414046161 -62
1414046175 -62
1414046189 -62
1414046204 -64
1414046218 -65
1414046232 -66
1414046246 -67
1414046260 -67
1414046274 -69
1414046289 -69
1414046303 -71
1414046317 -71
1414046331 -72
1414046345 -73
1414046359 -74
1414046373 -75
1414046387 -76
1414046402 -76
1414046416 -77
1414046430 -79
1414046444 -80
1414046458 -83
1414046485 -61
1414046500 -60
1414046514 -61
1414046528 -60
1414046542 -62
1414046557 -62
1414046571 -63
1414046585 -65
1414046599 -65
1414046613 -59
1414046627 -67
1414046641 -68
1414046656 -70
1414046670 -70
1414046684 -71
1414046698 -72
1414046712 -73
1414046726 -70
1414046740 -75
1414046755 -76
1414046769 -76
1414046783 -76
1414046797 -79
1414046811 -81
1414046825 -84
1414046851 -61
1414046865 -61
1414046879 -61
1414046894 -60
1414046908 -61
1414046922 -62
1414046936 -64
1414046951 -65
1414046965 -65
1414046979 -66
1414046993 -66
1414047007 -68
1414047021 -69
1414047035 -70
1414047050 -71
1414047064 -71
1414047078 -73
1414047092 -73
1414047106 -75
1414047120 -76
1414047134 -77
1414047148 -77
1414047162 -78
1414047177 -81
1414047191 -83
1414047215 -60
1414047229 -61
1414047244 -60
1414047258 -61
1414047272 -62
1414047286 -63
1414047300 -64
1414047314 -65
1414047329 -65
1414047343 -66
1414047357 -64
1414047371 -69
1414047385 -69
1414047399 -70
1414047413 -71
1414047427 -72
1414047442 -73
1414047456 -73
1414047470 -74
1414047484 -76
1414047498 -76
1414047512 -77
1414047526 -79
1414047540 -81
1414047554 -83
