1413961113 -54
1413961128 -54
1413961142 -54
1413961156 -54
1413961170 -55
1413961184 -56
1413961199 -58
1413961213 -59
1413961227 -58
1413961241 -60
1413961255 -61
1413961269 -61
1413961283 -63
1413961298 -64
1413961312 -65
1413961326 -66
1413961340 -64
1413961354 -67
1413961368 -69
1413961383 -70
1413961397 -71
1413961411 -72
1413961425 -73
1413961439 -75
1413961453 -78
1413961478 -54
1413961492 -54
1413961506 -54
1413961520 -55
1413961535 -56
1413961549 -56
1413961563 -58
1413961578 -59
1413961592 -59
1413961606 -60
1413961620 -61
1413961634 -62
1413961648 -63
1413961663 -64
1413961677 -65
1413961691 -66
1413961705 -68
1413961719 -68
1413961733 -69
1413961747 -70
1413961762 -70
1413961776 -71
1413961790 -73
1413961804 -75
1413961818 -77
1413961841 -54
1413961855 -55
1413961869 -54
1413961884 -55
1413961898 -55
1413961912 -56
1413961926 -57
1413961940 -59
1413961954 -59
1413961969 -60
1413961983 -61
1413961997 -62
1413962011 -63
1413962025 -64
1413962040 -65
1413962054 -66
1413962068 -67
1413962082 -68
1413962096 -69
1413962110 -70
1413962124 -71
1413962138 -71
1413962153 -73
1413962167 -75
1413962181 -77
1413962204 -55
1413962218 -54
1413962233 -54
1413962247 -54
1413962261 -56
1413962275 -56
1413962289 -57
1413962304 -59
1413962318 -59
1413962332 -60
1413962346 -62
1413962360 -62
1413962374 -63
1413962388 -65
1413962403 -65
1413962417 -66
1413962431 -67
1413962445 -68
1413962459 -69
1413962473 -70
1413962487 -70
1413962502 -71
1413962516 -73
1413962530 -75
1413962544 -77
1413962568 -54
1413962583 -55
1413962597 -55
1413962611 -55
1413962625 -56
1413962639 -56
1413962654 -57
1413962668 -58
1413962682 -58
1413962696 -60
1413962710 -60
1413962724 -62
1413962739 -63
1413962753 -63
1413962767 -65
1413962781 -66
1413962795 -67
1413962809 -67
1413962824 -69
1413962838 -70
1413962852 -70
1413962866 -71
1413962880 -73
1413962894 -75
1413962908 -76
