1414051895 -43
1414051909 -43
1414051924 -43
1414051938 -43
1414051952 -43
1414051967 -44
1414051981 -45
1414051995 -46
1414052010 -47
1414052024 -47
1414052038 -48
1414052053 -50
1414052067 -50
1414052081 -51
1414052095 -52
1414052110 -53
1414052124 -55
1414052138 -55
1414052152 -56
1414052166 -56
1414052181 -57
1414052195 -58
1414052209 -60
1414052223 -62
1414052237 -64
1414052256 -43
1414052271 -43
1414052285 -43
1414052299 -44
1414052313 -42
1414052328 -43
1414052342 -44
1414052356 -45
1414052371 -46
1414052385 -46
1414052399 -47
1414052413 -49
1414052428 -50
1414052442 -50
1414052456 -52
1414052470 -52
1414052484 -54
1414052499 -55
1414052513 -56
1414052527 -57
1414052541 -59
1414052556 -59
1414052570 -60
1414052584 -62
1414052598 -65
1414052619 -42
1414052634 -43
1414052648 -43
1414052662 -42
1414052676 -44
1414052690 -43
1414052705 -44
1414052719 -45
1414052733 -46
1414052748 -46
1414052762 -47
1414052776 -49
1414052791 -50
1414052805 -51
1414052819 -52
1414052834 -53
1414052848 -54
1414052862 -54
1414052876 -56
1414052891 -57
1414052905 -58
1414052919 -59
1414052933 -59
1414052947 -62
1414052961 -64
1414052982 -43
1414052997 -43
1414053011 -43
1414053025 -43
1414053039 -43
1414053053 -43
1414053068 -44
1414053082 -45
1414053096 -46
1414053110 -47
1414053125 -48
1414053139 -49
1414053153 -50
1414053167 -51
1414053182 -52
1414053196 -53
1414053210 -54
1414053224 -55
1414053239 -56
1414053253 -57
1414053267 -58
1414053281 -60
1414053295 -61
1414053310 -63
1414053324 -66
1414053346 -43
1414053360 -43
1414053374 -43
1414053388 -43
1414053402 -43
1414053417 -44
1414053431 -45
1414053445 -45
1414053459 -46
1414053474 -47
1414053488 -48
1414053502 -49
1414053516 -50
1414053530 -51
1414053545 -52
1414053559 -53
1414053573 -55
1414053588 -55
1414053602 -56
1414053617 -57
1414053631 -59
1414053646 -59
1414053660 -59
1414053674 -62
1414053688 -65
