1412844458 -61
1412844472 -62
1412844486 -63
1412844500 -64
1412844514 -65
1412844529 -66
1412844543 -67
1412844557 -68
1412844571 -69
1412844585 -70
1412844599 -70
1412844613 -72
1412844627 -73
1412844642 -75
1412844656 -77
1412844090 -62
1412844104 -63
1412844119 -64
1412844133 -65
1412844147 -67
1412844161 -68
1412844175 -67
1412844189 -69
1412844203 -72
1412844218 -71
1412844232 -73
1412844246 -74
1412844260 -74
1412844274 -80
1412844288 -80
1412843842 -62
1412843857 -63
1412843871 -64
1412843885 -65
1412843899 -66
1412843913 -67
1412843927 -68
1412843942 -69
1412843956 -69
1412843970 -70
1412843984 -71
1412843998 -73
1412844012 -74
1412844026 -75
1412844040 -78
1412843595 -64
1412843609 -66
1412843623 -65
1412843637 -66
1412843651 -67
1412843665 -67
1412843679 -68
1412843694 -69
1412843708 -69
1412843722 -70
1412843736 -71
1412843750 -73
1412843764 -74
1412843778 -75
1412843792 -78
1412843361 -61
1412843375 -62
1412843389 -63
1412843403 -64
1412843417 -65
1412843431 -66
1412843446 -69
1412843460 -70
1412843474 -69
1412843488 -70
1412843502 -73
1412843516 -74
1412843530 -75
1412843544 -76
1412843558 -80
1412843111 -61
1412843125 -63
1412843139 -64
1412843154 -64
1412843168 -65
1412843182 -67
1412843196 -68
1412843210 -69
1412843224 -69
1412843238 -70
1412843253 -70
1412843267 -72
1412843281 -75
1412843295 -75
1412843309 -76
1412835783 -61
1412835818 -61
1412835853 -62
1412835888 -62
1412835922 -64
1412835957 -67
1412835991 -69
1412836026 -70
1412836060 -71
1412836095 -71
1412836129 -72
1412836163 -74
1412836198 -75
1412836232 -76
1412836267 -79
1412836533 -62
1412836568 -64
1412836603 -64
1412836638 -66
1412836672 -67
1412836707 -68
1412836742 -69
1412836776 -71
1412836811 -71
1412836845 -71
1412836879 -72
1412836914 -73
1412836948 -75
1412836983 -76
1412837017 -79
1412837231 -63
1412837266 -64
1412837300 -65
1412837335 -66
1412837370 -67
1412837404 -68
1412837439 -69
1412837473 -70
1412837508 -71
1412837542 -70
1412837576 -72
1412837611 -73
1412837645 -75
1412837680 -77
1412837714 -79
1412837836 -62
1412837871 -63
1412837906 -65
1412837940 -65
1412837975 -66
1412838009 -67
1412838044 -69
1412838078 -68
1412838113 -70
1412838147 -71
1412838182 -71
1412838216 -73
1412838250 -74
1412838285 -76
1412838319 -79
1412838412 -61
1412838446 -63
1412838481 -64
1412838516 -65
1412838550 -66
1412838585 -67
1412838619 -69
1412838654 -69
1412838688 -71
1412838723 -70
1412838757 -72
1412838792 -73
1412838826 -74
1412838860 -75
1412838895 -81
1412838957 -62
1412838992 -63
1412839027 -63
1412839061 -64
1412839096 -65
1412839130 -67
1412839165 -67
1412839200 -69
1412839234 -70
1412839268 -72
1412839303 -72
1412839337 -73
1412839372 -74
1412839406 -76
1412839440 -81
1412841280 -63
1412841314 -63
1412841349 -64
1412841383 -66
1412841418 -66
1412841452 -68
1412841487 -69
1412841521 -69
1412841556 -70
1412841590 -71
1412841624 -72
1412841659 -73
1412841693 -74
1412841728 -75
1412841762 -78
1412842154 -61
1412842189 -62
1412842223 -63
1412842258 -64
1412842293 -65
1412842327 -66
1412842362 -67
1412842396 -68
1412842430 -69
1412842465 -70
1412842499 -71
1412842534 -72
1412842568 -74
1412842603 -76
1412842637 -77
1412842824 -61
1412842838 -62
1412842852 -66
1412842866 -63
1412842880 -64
1412842895 -63
1412842909 -67
1412842923 -68
1412842937 -69
1412842951 -70
1412842965 -70
1412842979 -72
1412842993 -74
1412843007 -75
1412843021 -78
1412844458 -61
1412844472 -62
1412844486 -63
1412844500 -64
1412844514 -65
1412844529 -66
1412844543 -67
1412844557 -68
1412844571 -69
1412844585 -70
1412844599 -70
1412844613 -72
1412844627 -73
1412844642 -75
1412844656 -77
1412844090 -62
1412844104 -63
1412844119 -64
1412844133 -65
1412844147 -67
1412844161 -68
1412844175 -67
1412844189 -69
1412844203 -72
1412844218 -71
1412844232 -73
1412844246 -74
1412844260 -74
1412844274 -80
1412844288 -80
1412843842 -62
1412843857 -63
1412843871 -64
1412843885 -65
1412843899 -66
1412843913 -67
1412843927 -68
1412843942 -69
1412843956 -69
1412843970 -70
1412843984 -71
1412843998 -73
1412844012 -74
1412844026 -75
1412844040 -78
1412843595 -64
1412843609 -66
1412843623 -65
1412843637 -66
1412843651 -67
1412843665 -67
1412843679 -68
1412843694 -69
1412843708 -69
1412843722 -70
1412843736 -71
1412843750 -73
1412843764 -74
1412843778 -75
1412843792 -78
1412843361 -61
1412843375 -62
1412843389 -63
1412843403 -64
1412843417 -65
1412843431 -66
1412843446 -69
1412843460 -70
1412843474 -69
1412843488 -70
1412843502 -73
1412843516 -74
1412843530 -75
1412843544 -76
1412843558 -80
1412843111 -61
1412843125 -63
1412843139 -64
1412843154 -64
1412843168 -65
1412843182 -67
1412843196 -68
1412843210 -69
1412843224 -69
1412843238 -70
1412843253 -70
1412843267 -72
1412843281 -75
1412843295 -75
1412843309 -76
1412835783 -61
1412835818 -61
1412835853 -62
1412835888 -62
1412835922 -64
1412835957 -67
1412835991 -69
1412836026 -70
1412836060 -71
1412836095 -71
1412836129 -72
1412836163 -74
1412836198 -75
1412836232 -76
1412836267 -79
1412836533 -62
1412836568 -64
1412836603 -64
1412836638 -66
1412836672 -67
1412836707 -68
1412836742 -69
1412836776 -71
1412836811 -71
1412836845 -71
1412836879 -72
1412836914 -73
1412836948 -75
1412836983 -76
1412837017 -79
1412837231 -63
1412837266 -64
1412837300 -65
1412837335 -66
1412837370 -67
1412837404 -68
1412837439 -69
1412837473 -70
1412837508 -71
1412837542 -70
1412837576 -72
1412837611 -73
1412837645 -75
1412837680 -77
1412837714 -79
1412837836 -62
1412837871 -63
1412837906 -65
1412837940 -65
1412837975 -66
1412838009 -67
1412838044 -69
1412838078 -68
1412838113 -70
1412838147 -71
1412838182 -71
1412838216 -73
1412838250 -74
1412838285 -76
1412838319 -79
1412838412 -61
1412838446 -63
1412838481 -64
1412838516 -65
1412838550 -66
1412838585 -67
1412838619 -69
1412838654 -69
1412838688 -71
1412838723 -70
1412838757 -72
1412838792 -73
1412838826 -74
1412838860 -75
1412838895 -81
1412838957 -62
1412838992 -63
1412839027 -63
1412839061 -64
1412839096 -65
1412839130 -67
1412839165 -67
1412839200 -69
1412839234 -70
1412839268 -72
1412839303 -72
1412839337 -73
1412839372 -74
1412839406 -76
1412839440 -81
1412841280 -63
1412841314 -63
1412841349 -64
1412841383 -66
1412841418 -66
1412841452 -68
1412841487 -69
1412841521 -69
1412841556 -70
1412841590 -71
1412841624 -72
1412841659 -73
1412841693 -74
1412841728 -75
1412841762 -78
1412842154 -61
1412842189 -62
1412842223 -63
1412842258 -64
1412842293 -65
1412842327 -66
1412842362 -67
1412842396 -68
1412842430 -69
1412842465 -70
1412842499 -71
1412842534 -72
1412842568 -74
1412842603 -76
1412842637 -77
1412842824 -61
1412842838 -62
1412842852 -66
1412842866 -63
1412842880 -64
1412842895 -63
1412842909 -67
1412842923 -68
1412842937 -69
1412842951 -70
1412842965 -70
1412842979 -72
1412842993 -74
1412843007 -75
1412843021 -78
