1413963935 -52
1413963949 -53
1413963963 -53
1413963978 -53
1413963992 -54
1413964006 -56
1413964020 -57
1413964034 -57
1413964048 -58
1413964063 -59
1413964077 -60
1413964091 -61
1413964105 -62
1413964119 -62
1413964133 -64
1413964147 -67
1413964161 -64
1413964176 -67
1413964190 -68
1413964204 -68
1413964218 -70
1413964232 -71
1413964246 -72
1413964260 -74
1413964275 -76
1413964298 -54
1413964313 -53
1413964327 -53
1413964341 -53
1413964355 -55
1413964369 -59
1413964384 -57
1413964398 -58
1413964412 -58
1413964426 -59
1413964440 -60
1413964454 -61
1413964468 -62
1413964483 -63
1413964497 -64
1413964511 -65
1413964525 -67
1413964539 -67
1413964553 -69
1413964567 -69
1413964581 -70
1413964596 -71
1413964610 -72
1413964624 -74
1413964638 -76
1413964664 -54
1413964678 -54
1413964692 -53
1413964706 -54
1413964720 -54
1413964734 -56
1413964749 -58
1413964763 -59
1413964777 -59
1413964791 -59
1413964806 -60
1413964820 -62
1413964834 -62
1413964848 -63
1413964862 -65
1413964877 -66
1413964891 -67
1413964905 -67
1413964919 -67
1413964933 -69
1413964947 -70
1413964961 -72
1413964975 -73
1413964989 -75
1413965004 -77
1413965027 -54
1413965042 -54
1413965056 -54
1413965070 -54
1413965084 -55
1413965098 -56
1413965112 -56
1413965127 -59
1413965141 -58
1413965155 -59
1413965169 -59
1413965183 -61
1413965197 -62
1413965211 -63
1413965226 -64
1413965240 -65
1413965254 -67
1413965268 -67
1413965282 -68
1413965296 -69
1413965310 -70
1413965325 -70
1413965339 -72
1413965353 -75
1413965367 -76
1413965391 -54
1413965406 -52
1413965420 -53
1413965434 -54
1413965448 -54
1413965463 -55
1413965477 -57
1413965491 -58
1413965505 -57
1413965519 -59
1413965533 -61
1413965548 -60
1413965562 -62
1413965576 -63
1413965590 -65
1413965604 -66
1413965619 -67
1413965633 -67
1413965647 -69
1413965661 -70
1413965675 -70
1413965689 -71
1413965703 -72
1413965718 -74
1413965732 -76
