1414049490 -66
1414049505 -66
1414049519 -65
1414049533 -66
1414049547 -67
1414049561 -68
1414049575 -69
1414049589 -70
1414049603 -70
1414049618 -71
1414049632 -71
1414049646 -74
1414049660 -74
1414049674 -76
1414049688 -76
1414049703 -76
1414049717 -77
1414049731 -78
1414049745 -79
1414049759 -80
1414049773 -82
1414049787 -83
1414049801 -85
1414049829 -66
1414049843 -64
1414049857 -65
1414049872 -67
1414049886 -68
1414049900 -68
1414049914 -69
1414049928 -70
1414049942 -70
1414049956 -70
1414049971 -72
1414049985 -73
1414049999 -73
1414050013 -75
1414050027 -76
1414050041 -76
1414050055 -77
1414050069 -78
1414050083 -80
1414050098 -81
1414050112 -82
1414050126 -82
1414050140 -81
1414050167 -65
1414050181 -65
1414050195 -65
1414050210 -65
1414050224 -67
1414050238 -67
1414050252 -68
1414050266 -69
1414050280 -70
1414050294 -70
1414050308 -72
1414050323 -73
1414050337 -73
1414050351 -74
1414050365 -75
1414050379 -76
1414050393 -76
1414050407 -78
1414050421 -78
1414050435 -80
1414050450 -80
1414050464 -82
1414050478 -82
1414050504 -65
1414050518 -66
1414050532 -57
1414050546 -66
1414050560 -67
1414050574 -67
1414050588 -69
1414050602 -70
1414050617 -70
1414050631 -71
1414050645 -71
1414050659 -73
1414050673 -74
1414050687 -75
1414050701 -75
1414050716 -76
1414050730 -77
1414050744 -78
1414050758 -79
1414050772 -80
1414050786 -81
1414050800 -82
1414050814 -84
1414050841 -66
1414050855 -67
1414050869 -66
1414050883 -67
1414050897 -67
1414050911 -68
1414050925 -69
1414050939 -70
1414050954 -70
1414050968 -71
1414050982 -72
1414050996 -73
1414051010 -74
1414051024 -71
1414051038 -75
1414051052 -75
1414051066 -79
1414051081 -80
1414051095 -80
1414051109 -80
1414051123 -81
1414051137 -80
1414051151 -84
1414049490 -66
1414049505 -66
1414049519 -65
1414049533 -66
1414049547 -67
1414049561 -68
1414049575 -69
1414049589 -70
1414049603 -70
1414049618 -71
1414049632 -71
1414049646 -74
1414049660 -74
1414049674 -76
1414049688 -76
1414049703 -76
1414049717 -77
1414049731 -78
1414049745 -79
1414049759 -80
1414049773 -82
1414049787 -83
1414049801 -85
1414049829 -66
1414049843 -64
1414049857 -65
1414049872 -67
1414049886 -68
1414049900 -68
1414049914 -69
1414049928 -70
1414049942 -70
1414049956 -70
1414049971 -72
1414049985 -73
1414049999 -73
1414050013 -75
1414050027 -76
1414050041 -76
1414050055 -77
1414050069 -78
1414050083 -80
1414050098 -81
1414050112 -82
1414050126 -82
1414050140 -81
1414050167 -65
1414050181 -65
1414050195 -65
1414050210 -65
1414050224 -67
1414050238 -67
1414050252 -68
1414050266 -69
1414050280 -70
1414050294 -70
1414050308 -72
1414050323 -73
1414050337 -73
1414050351 -74
1414050365 -75
1414050379 -76
1414050393 -76
1414050407 -78
1414050421 -78
1414050435 -80
1414050450 -80
1414050464 -82
1414050478 -82
1414050504 -65
1414050518 -66
1414050532 -57
1414050546 -66
1414050560 -67
1414050574 -67
1414050588 -69
1414050602 -70
1414050617 -70
1414050631 -71
1414050645 -71
1414050659 -73
1414050673 -74
1414050687 -75
1414050701 -75
1414050716 -76
1414050730 -77
1414050744 -78
1414050758 -79
1414050772 -80
1414050786 -81
1414050800 -82
1414050814 -84
1414050841 -66
1414050855 -67
1414050869 -66
1414050883 -67
1414050897 -67
1414050911 -68
1414050925 -69
1414050939 -70
1414050954 -70
1414050968 -71
1414050982 -72
1414050996 -73
1414051010 -74
1414051024 -71
1414051038 -75
1414051052 -75
1414051066 -79
1414051081 -80
1414051095 -80
1414051109 -80
1414051123 -81
1414051137 -80
1414051151 -84
