1414114465 -45
1414114479 -44
1414114493 -44
1414114508 -45
1414114522 -45
1414114536 -46
1414114550 -48
1414114565 -48
1414114579 -49
1414114593 -50
1414114608 -51
1414114622 -51
1414114636 -53
1414114650 -54
1414114665 -55
1414114679 -57
1414114693 -56
1414114708 -57
1414114722 -59
1414114736 -60
1414114750 -60
1414114765 -62
1414114779 -63
1414114793 -65
1414114807 -67
1414114821 -75
1414114835 -79
1414114849 -79
1414114870 -44
1414114884 -44
1414114898 -45
1414114912 -44
1414114927 -45
1414114941 -46
1414114955 -47
1414114969 -48
1414114984 -49
1414114998 -51
1414115012 -52
1414115026 -53
1414115040 -53
1414115055 -53
1414115069 -55
1414115083 -57
1414115098 -57
1414115112 -58
1414115126 -59
1414115140 -59
1414115155 -61
1414115169 -63
1414115183 -63
1414115197 -66
1414115212 -68
1414115226 -74
1414115240 -79
1414115254 -81
1414115275 -44
1414115289 -44
1414115303 -45
1414115317 -45
1414115332 -45
1414115346 -46
1414115360 -47
1414115374 -49
1414115389 -48
1414115403 -50
1414115417 -52
1414115432 -51
1414115446 -53
1414115460 -53
1414115474 -55
1414115489 -56
1414115503 -57
1414115517 -58
1414115532 -59
1414115546 -61
1414115560 -62
1414115574 -63
1414115589 -65
1414115603 -67
1414115617 -68
1414115631 -75
1414115645 -81
1414115659 -80
1414115680 -45
1414115694 -44
1414115708 -45
1414115722 -45
1414115737 -45
1414115751 -46
1414115765 -48
1414115779 -48
1414115794 -48
1414115808 -51
1414115822 -51
1414115836 -52
1414115851 -53
1414115865 -54
1414115879 -55
1414115894 -56
1414115908 -56
1414115922 -58
1414115936 -59
1414115951 -60
1414115965 -61
1414115979 -61
1414115994 -64
1414116008 -67
1414116022 -69
1414116036 -74
1414116050 -81
1414116064 -80
1414116086 -45
1414116100 -44
1414116114 -45
1414116128 -45
1414116143 -45
1414116157 -46
1414116171 -48
1414116185 -48
1414116200 -48
1414116214 -50
1414116228 -51
1414116242 -52
1414116257 -54
1414116271 -54
1414116285 -56
1414116300 -56
1414116314 -57
1414116328 -58
1414116343 -59
1414116357 -60
1414116371 -61
1414116386 -63
1414116400 -64
1414116414 -66
1414116428 -69
1414116442 -75
1414116456 -80
1414116470 -79
