1413968665 -48
1413968680 -47
1413968694 -48
1413968708 -47
1413968722 -49
1413968736 -49
1413968751 -50
1413968765 -52
1413968779 -52
1413968793 -53
1413968808 -54
1413968822 -55
1413968836 -55
1413968850 -57
1413968865 -58
1413968879 -59
1413968893 -60
1413968907 -61
1413968922 -62
1413968936 -63
1413968950 -64
1413968964 -65
1413968978 -67
1413968992 -69
1413969007 -71
1413969030 -48
1413969045 -47
1413969059 -47
1413969073 -48
1413969087 -48
1413969101 -49
1413969116 -50
1413969130 -52
1413969144 -52
1413969158 -53
1413969172 -54
1413969187 -55
1413969201 -56
1413969216 -57
1413969230 -58
1413969244 -59
1413969259 -60
1413969273 -60
1413969287 -62
1413969301 -63
1413969315 -64
1413969330 -65
1413969344 -67
1413969358 -68
1413969372 -71
1413969392 -47
1413969407 -47
1413969421 -47
1413969435 -47
1413969449 -48
1413969464 -49
1413969478 -50
1413969492 -51
1413969506 -51
1413969520 -52
1413969535 -53
1413969549 -54
1413969563 -56
1413969577 -57
1413969591 -57
1413969605 -59
1413969619 -60
1413969634 -60
1413969648 -61
1413969662 -63
1413969676 -64
1413969690 -65
1413969705 -67
1413969719 -68
1413969733 -71
1413969757 -47
1413969771 -47
1413969785 -47
1413969799 -48
1413969813 -48
1413969828 -49
1413969842 -50
1413969856 -51
1413969870 -52
1413969885 -53
1413969899 -54
1413969913 -55
1413969927 -56
1413969941 -57
1413969955 -58
1413969969 -59
1413969984 -60
1413969998 -61
1413970012 -62
1413970026 -63
1413970040 -64
1413970054 -66
1413970069 -67
1413970083 -68
1413970097 -71
1413970121 -47
1413970135 -47
1413970149 -47
1413970164 -47
1413970178 -48
1413970192 -49
1413970206 -50
1413970220 -51
1413970235 -52
1413970249 -53
1413970263 -54
1413970277 -55
1413970292 -56
1413970306 -57
1413970320 -58
1413970334 -59
1413970348 -60
1413970362 -61
1413970376 -61
1413970391 -63
1413970405 -64
1413970419 -65
1413970433 -67
1413970447 -68
1413970462 -71
