1414043267 -49
1414043282 -49
1414043296 -49
1414043310 -50
1414043324 -50
1414043339 -51
1414043353 -51
1414043367 -53
1414043382 -53
1414043396 -53
1414043411 -55
1414043425 -57
1414043439 -57
1414043453 -58
1414043467 -59
1414043482 -60
1414043496 -62
1414043510 -63
1414043524 -63
1414043538 -64
1414043553 -66
1414043567 -67
1414043581 -69
1414043595 -69
1414043609 -72
1414043630 -49
1414043645 -49
1414043659 -49
1414043673 -50
1414043687 -50
1414043702 -51
1414043716 -51
1414043730 -54
1414043744 -54
1414043759 -55
1414043773 -56
1414043787 -56
1414043801 -58
1414043816 -59
1414043830 -60
1414043844 -60
1414043858 -62
1414043872 -64
1414043886 -63
1414043900 -66
1414043915 -67
1414043929 -67
1414043943 -69
1414043957 -70
1414043971 -74
1414043993 -48
1414044008 -47
1414044022 -49
1414044036 -48
1414044050 -49
1414044065 -51
1414044079 -52
1414044093 -53
1414044107 -54
1414044121 -55
1414044136 -57
1414044150 -57
1414044164 -58
1414044179 -59
1414044193 -60
1414044208 -61
1414044222 -62
1414044236 -63
1414044250 -65
1414044264 -65
1414044278 -66
1414044293 -67
1414044307 -68
1414044321 -70
1414044335 -72
1414044356 -49
1414044371 -49
1414044385 -50
1414044399 -49
1414044413 -51
1414044428 -51
1414044442 -52
1414044456 -54
1414044470 -53
1414044484 -55
1414044499 -56
1414044513 -57
1414044527 -58
1414044541 -58
1414044556 -59
1414044570 -61
1414044584 -60
1414044598 -63
1414044613 -63
1414044627 -64
1414044641 -65
1414044655 -67
1414044669 -68
1414044683 -70
1414044698 -72
1414044720 -48
1414044734 -49
1414044748 -49
1414044762 -49
1414044777 -50
1414044791 -51
1414044805 -52
1414044819 -53
1414044833 -54
1414044848 -55
1414044862 -56
1414044876 -56
1414044890 -58
1414044904 -59
1414044918 -60
1414044933 -62
1414044947 -62
1414044961 -63
1414044975 -64
1414044989 -66
1414045003 -66
1414045018 -67
1414045032 -69
1414045046 -71
1414045060 -73
